000
690
200
200
200
200
110
100
100
369
300
369
308
360
200
100
019
998
109
618
297
100
200
100
300
700
850
500
100
576
390
110
100
100
100
100
500
100
200
740
200
456
300
700
100
100
192
169
350
376
333
100
117
200
800
420
420
420
100
100
123
100
123
229
100
100
500
420
631
144
100
100
996
420
160
560
960
240
534
888
888
142
420
624
240
360
773
100
200
218
169
252
802
100
100
100
505
985
100
999
100
100
100
100
100
100
110
358
256
358
256
358
256
100
358
256
100
800
877
255
800
800
692
256
333
256
720
256
500
800
369
219
854
256
008
193
146
100
287
637
600
156
529
661
220
692
819
986
220
642
814
476
627
627
627
627
596
596
383
937
119
351
200
200
530
554
994
977
977
427
243
495
101
636
628
943
295
238
977
331
924
393
538
709
576
609
999
900
100
300
305
854
792
792
792
792
792
792
792
100
792
792
792
382
382
382
253
214
214
214
100
505
808
400
190
772
225
892
892
892
892
760
553
933
425
436
265
967
441
847
102
500
000
483
442
643
523
100
100
000
202
100
265
545
545
474
474
760
165
828
494
537
212
702
