118
198
320
212
186
204
258
164
202
916
256
244
512
341
288
212
512
288
000
000
640
640
288
206
640
640
651
270
224
288
162
690
690
186
186
320
180
288
288
320
250
208
156
320
370
720
186
186
480
854
320
180
576
640
780
258
200
320
186
232
158
960
720
258
192
320
180
320
342
288
294
341
236
140
208
120
288
162
220
260
220
124
106
106
186
186
152
320
220
211
208
208
258
210
512
768
512
512
640
384
512
768
512
512
640
384
512
512
384
640
512
512
512
512
200
200
200
200
200
200
200
200
208
116
208
132
208
208
320
284
258
194
232
176
320
320
148
148
288
162
637
220
166
893
898
680
590
110
110
208
208
320
180
166
166
320
188
600
654
784
100
100
320
180
208
122
166
166
288
384
320
238
320
238
132
132
320
212
320
180
186
156
773
288
288
854
480
320
180
320
320
320
238
320
238
320
212
320
240
645
584
268
292
106
285
936
264
936
264
166
320
278
166
320
278
100
100
801
586
294
320
180
320
238
320
180
186
186
288
230
186
104
186
104
166
182
148
148
320
294
148
148
148
258
258
134
208
184
232
232
320
240
912
208
156
166
122
186
156
320
180
320
240
512
285
512
288
166
164
232
172
309
166
292
640
676
320
184
320
320
166
164
320
300
258
194
320
240
232
188
208
278
186
186
258
144
369
369
300
300
258
144
369
369
186
280
186
188
320
180
106
106
308
308
186
186
148
148
132
166
148
258
170
320
270
258
250
640
799
288
384
788
186
164
232
232
220
220
220
220
864
664
320
180
320
230
720
863
913
320
224
960
258
270
258
436
320
210
258
144
166
166
320
186
208
314
732
220
124
360
360
320
320
220
164
320
180
232
232
961
166
246
186
114
853
220
216
320
256
232
408
258
144
232
130
927
783
208
156
960
166
426
240
480
854
148
142
640
591
411
589
468
362
509
320
248
864
643
148
264
148
148
959
320
212
320
238
100
100
208
242
200
200
200
200
288
288
250
150
720
166
166
960
960
232
232
320
274
208
150
131
437
507
720
320
268
435
440
938
320
240
320
182
320
244
642
752
941
264
752
941
264
100
100
019
998
019
998
422
422
587
497
320
260
320
276
720
186
104
118
178
268
268
320
366
712
178
109
618
297
109
618
297
640
734
640
725
118
178
704
516
360
576
100
100
488
480
320
268
288
288
148
140
258
144
288
164
132
138
220
194
960
200
200
300
300
240
280
576
576
186
104
258
230
102
312
102
312
186
104
132
132
864
842
853
720
708
721
720
100
100
717
720
720
780
708
680
320
230
106
602
559
595
576
576
708
640
370
174
126
246
164
720
320
222
320
346
220
166
512
512
720
720
853
668
778
897
907
814
907
814
148
110
640
768
480
270
320
240
960
480
854
960
960
960
480
854
640
437
480
854
500
500
960
640
492
320
180
960
148
148
960
960
480
480
288
216
320
194
176
176
320
240
166
156
320
180
320
180
208
116
320
226
232
162
320
246
576
480
480
270
480
232
320
720
466
480
683
192
168
192
168
320
234
454
640
320
182
270
480
288
288
959
568
759
514
703
564
771
612
801
565
763
320
180
132
100
480
854
208
116
900
220
166
789
775
720
799
288
190
720
633
605
270
480
589
854
386
480
480
720
264
191
100
100
640
585
800
400
800
400
800
400
800
400
800
400
270
480
100
101
102
103
104
105
106
107
108
109
110
111
112
113
114
115
116
117
118
119
120
121
122
123
124
125
126
127
128
129
130
131
132
133
134
135
136
137
138
139
140
141
142
143
144
145
146
147
148
149
150
151
152
153
154
155
156
157
158
159
160
161
162
163
164
165
166
167
168
169
170
171
172
173
174
175
176
177
178
179
180
181
182
183
184
185
186
187
188
189
190
191
192
193
194
195
196
197
198
199
200
201
202
203
204
205
206
207
208
209
210
211
212
213
214
215
216
217
218
219
220
221
222
223
224
225
226
227
228
229
230
231
232
233
234
235
236
237
238
239
240
241
242
243
244
245
246
247
248
249
250
251
252
253
254
255
256
257
258
259
260
261
262
263
264
265
266
267
268
269
270
271
272
273
274
275
100
101
102
103
104
105
106
107
108
109
110
111
112
113
114
115
116
117
118
119
120
121
122
123
124
125
126
127
128
129
130
131
132
133
134
135
136
137
138
139
140
141
142
143
144
145
146
147
148
149
150
151
152
153
154
155
156
157
158
159
160
161
162
163
164
165
166
167
168
169
170
171
172
173
174
175
176
177
178
179
180
181
182
183
184
185
186
187
188
189
190
191
192
193
194
195
196
197
198
199
200
201
202
203
204
205
206
207
208
209
210
211
212
213
214
215
216
217
218
219
220
221
222
223
224
225
226
227
228
229
230
231
232
233
234
235
236
237
238
239
240
241
242
243
244
245
246
247
248
249
250
251
252
253
254
255
256
257
258
259
260
261
262
263
264
265
266
267
268
269
270
271
272
273
274
275
276
277
278
279
280
281
282
283
284
285
286
287
288
289
290
291
292
293
294
295
296
297
298
299
300
301
302
303
304
305
306
307
308
309
310
311
312
313
314
315
316
317
318
319
320
321
322
323
324
325
326
327
328
329
330
331
332
333
334
335
336
337
338
339
340
341
342
343
344
345
346
347
348
349
350
351
352
353
354
355
356
357
358
359
360
361
362
363
364
365
366
367
368
369
370
371
372
373
374
375
376
377
378
379
380
381
382
383
384
385
386
387
388
389
390
391
392
393
394
395
396
397
398
399
400
401
402
403
404
405
406
407
408
409
410
411
412
413
414
415
416
417
418
419
420
421
422
423
424
425
426
427
428
429
430
431
432
433
434
435
436
437
438
439
440
441
442
443
444
445
446
447
448
449
450
451
452
453
454
455
456
457
458
459
460
461
462
463
464
465
466
467
468
469
470
471
472
473
474
475
476
477
478
479
480
481
482
483
484
485
486
487
488
489
490
491
492
493
494
495
496
497
498
499
500
501
502
503
504
505
506
507
508
509
510
511
512
513
514
515
516
517
518
519
520
521
522
523
524
525
526
527
528
529
530
531
532
533
534
535
536
537
538
539
540
541
542
543
544
545
546
547
548
276
277
278
279
280
281
282
283
284
285
286
287
288
289
290
291
292
293
294
295
296
297
298
299
300
301
302
303
304
305
306
307
308
309
310
311
312
313
314
315
316
317
318
319
320
321
322
323
324
325
326
327
328
329
330
331
332
333
334
335
336
337
338
339
340
341
342
343
344
345
346
347
348
349
350
351
352
353
354
355
356
357
358
359
360
361
362
363
364
365
366
367
368
369
370
371
372
373
374
375
376
377
378
379
380
381
382
383
384
385
386
387
388
389
390
391
392
393
394
395
396
397
398
399
400
401
402
403
404
405
406
407
408
409
410
411
412
413
414
415
416
417
418
419
420
421
422
423
424
425
426
427
428
429
430
431
432
433
434
435
436
437
438
439
440
441
442
443
444
445
446
447
448
449
450
451
452
453
454
455
456
457
458
459
460
461
462
463
464
465
466
467
468
469
470
471
472
473
474
475
476
477
478
479
480
481
482
483
484
485
486
487
488
489
490
491
492
493
494
495
496
497
498
499
500
501
502
503
504
505
506
507
508
509
510
511
512
513
514
515
516
517
518
519
520
521
522
523
524
525
526
527
528
529
530
531
532
533
534
535
536
537
538
539
540
541
542
543
544
545
546
547
548
549
550
551
552
553
554
555
556
557
558
559
560
561
562
563
564
565
566
567
568
569
570
571
572
573
574
575
576
577
578
579
580
581
582
583
584
585
586
587
588
589
590
591
592
593
594
595
596
597
598
599
600
601
602
603
604
605
606
607
608
609
610
611
612
613
614
615
616
617
618
619
620
621
622
623
624
625
626
627
628
629
630
631
632
633
634
635
636
637
638
639
640
641
642
643
644
645
646
647
648
649
650
651
652
653
654
655
656
657
658
659
660
661
662
663
664
665
666
667
668
669
670
671
672
673
674
675
676
677
678
679
680
681
682
683
684
685
686
687
688
689
690
691
692
693
694
695
696
697
698
699
700
701
702
703
704
705
706
707
708
709
710
711
712
713
714
715
716
717
718
719
720
721
722
723
724
725
726
727
728
729
730
731
732
733
734
735
736
737
738
739
740
741
742
743
744
745
746
747
748
749
750
751
752
753
754
755
756
757
758
759
760
761
762
763
764
765
766
767
768
769
770
771
772
773
774
775
776
777
778
779
780
781
782
783
784
785
786
787
788
789
790
791
792
793
794
795
796
797
798
799
800
801
802
803
804
805
806
807
808
809
810
811
812
813
814
815
816
817
818
819
820
821
549
550
551
552
553
554
555
556
557
558
559
560
561
562
563
564
565
566
567
568
569
570
571
572
573
574
575
576
577
578
579
580
581
582
583
584
585
586
587
588
589
590
591
592
593
594
595
596
597
598
599
600
601
602
603
604
605
606
607
608
609
610
611
612
613
614
615
616
617
618
619
620
621
622
623
624
625
626
627
628
629
630
631
632
633
634
635
636
637
638
639
640
641
642
643
644
645
646
647
648
649
650
651
652
653
654
655
656
657
658
659
660
661
662
663
664
665
666
667
668
669
670
671
672
673
674
675
676
677
678
679
680
681
682
683
684
685
686
687
688
689
690
691
692
693
694
695
696
697
698
699
700
701
702
703
704
705
706
707
708
709
710
711
712
713
714
715
716
717
718
719
720
721
722
723
724
725
726
727
728
729
730
731
732
733
734
735
736
737
738
739
740
741
742
743
744
745
746
747
748
749
750
751
752
753
754
755
756
757
758
759
760
761
762
763
764
765
766
767
768
769
770
771
772
773
774
775
776
777
778
779
780
781
782
783
784
785
786
787
788
789
790
791
792
793
794
795
796
797
798
799
800
801
802
803
804
805
806
807
808
809
810
811
812
813
814
815
816
817
818
819
820
821
822
823
824
825
826
827
828
829
830
831
832
833
834
835
836
837
838
839
840
841
842
843
844
845
846
847
848
849
850
851
852
853
854
855
856
857
858
859
860
861
862
863
864
865
866
867
868
869
870
871
872
873
874
875
876
877
878
879
880
881
882
883
884
885
886
887
888
889
890
891
892
893
894
895
896
897
898
899
900
901
902
903
904
905
906
907
908
909
910
911
912
913
914
915
916
917
918
919
920
921
922
923
924
925
926
927
928
929
930
931
932
933
934
935
936
937
938
939
940
941
942
943
944
945
946
947
948
949
950
951
952
953
954
955
956
957
958
959
960
961
962
963
964
965
966
967
968
969
970
971
972
973
974
975
976
977
978
979
980
981
982
983
984
985
986
987
988
989
990
991
992
993
994
995
996
997
998
999
822
823
824
825
826
827
828
829
830
831
832
833
834
835
836
837
838
839
840
841
842
843
844
845
846
847
848
849
850
851
852
853
854
855
856
857
858
859
860
861
862
863
864
865
866
867
868
869
870
871
872
873
874
875
876
877
878
879
880
881
882
883
884
885
886
887
888
889
890
891
892
893
894
895
896
897
898
899
900
901
902
903
904
905
906
907
908
909
910
911
912
913
914
915
916
917
918
919
920
921
922
923
924
925
926
927
928
929
930
931
932
933
934
935
936
937
938
939
940
941
942
943
944
945
946
947
948
949
950
951
952
953
954
955
956
957
958
959
960
961
962
963
964
965
966
967
968
969
970
971
972
973
974
975
976
977
978
979
980
981
982
983
984
985
986
987
988
989
990
991
992
993
994
995
996
997
998
999
300
700
850
500
300
700
850
500
320
192
571
853
720
960
960
320
186
423
318
750
686
640
853
853
853
853
853
527
482
959
208
172
232
204
000
106
166
144
106
188
220
220
720
354
354
100
100
959
640
655
678
576
576
232
310
208
208
320
200
208
208
288
288
720
320
338
512
512
220
124
288
262
166
288
258
576
210
320
720
720
853
853
853
853
853
853
719
853
853
853
853
719
186
188
288
162
320
180
720
720
960
914
914
914
914
914
914
914
914
914
914
320
198
914
914
914
914
914
914
914
914
914
914
914
914
914
914
914
914
914
232
218
894
894
180
320
852
720
232
130
980
786
861
684
609
320
232
320
320
417
573
288
188
910
640
640
390
390
980
687
303
760
270
270
288
192
118
118
990
101
973
208
116
208
320
232
152
320
320
288
288
118
118
334
448
320
320
766
657
960
960
959
959
959
960
853
232
130
110
110
320
320
358
365
320
182
887
475
448
300
326
220
166
232
174
960
852
288
162
250
250
368
395
576
576
720
258
242
102
968
148
140
720
214
166
640
531
180
320
300
300
000
000
500
500
100
100
208
276
320
196
220
130
720
232
162
320
216
166
116
232
162
258
280
720
802
208
162
244
180
640
784
320
264
640
640
463
720
180
180
124
124
640
640
640
640
759
540
540
720
480
854
720
720
720
320
426
403
644
640
640
288
238
576
100
100
100
100
232
166
320
184
919
957
958
398
398
970
320
202
320
216
786
651
320
318
100
100
720
320
218
960
320
180
320
184
960
640
629
720
960
810
208
180
320
232
334
640
738
320
196
320
288
759
320
180
000
000
576
576
576
576
305
165
720
320
182
670
198
720
417
461
207
210
320
180
320
314
320
238
720
864
865
864
864
971
781
432
320
320
148
110
720
722
720
807
166
166
320
192
320
240
166
112
235
308
258
258
600
600
320
234
100
100
320
272
320
180
320
222
228
252
208
260
320
180
555
300
280
320
180
320
216
720
320
320
118
118
110
110
768
940
807
220
288
320
226
208
234
720
720
282
320
208
196
700
700
600
800
600
800
320
238
232
182
320
320
224
126
320
180
258
218
196
146
960
960
320
212
576
166
166
208
154
576
500
500
960
208
370
961
232
130
480
678
288
162
588
782
480
854
576
576
961
961
961
961
961
961
961
961
961
961
961
961
961
961
961
453
501
414
258
196
960
288
162
320
248
200
114
166
142
487
487
853
853
320
294
960
258
144
320
180
830
831
200
150
962
100
100
110
110
960
864
223
232
130
512
512
576
208
208
288
300
232
154
186
186
320
258
320
212
118
182
320
320
320
262
260
232
130
320
228
941
320
212
320
322
320
320
748
720
576
320
248
576
576
576
716
576
576
576
576
576
576
576
959
269
640
480
720
720
288
302
640
504
720
106
120
320
320
320
240
960
790
791
790
720
853
790
791
853
853
853
720
853
853
853
853
853
853
232
232
148
148
720
960
833
864
961
960
864
863
208
854
480
380
360
320
316
320
480
166
124
720
200
200
100
100
200
200
720
981
720
440
440
232
198
959
320
316
961
961
740
740
220
194
250
180
720
720
720
720
258
172
320
222
320
420
132
126
220
190
288
272
320
316
180
320
208
202
320
320
500
500
400
400
320
206
960
960
962
962
962
320
180
320
180
320
316
960
959
966
960
192
144
320
316
797
220
144
104
960
720
960
962
720
232
164
320
180
320
180
720
320
278
320
180
320
278
320
180
320
278
320
180
208
222
232
130
150
150
320
320
288
162
200
200
186
104
186
104
970
720
111
720
720
148
148
132
164
208
116
863
953
804
497
186
232
122
720
288
208
131
314
320
320
294
541
186
140
720
810
640
640
640
640
640
640
864
648
178
720
320
316
320
236
320
316
959
853
853
853
853
853
853
853
853
853
853
853
853
720
720
720
434
720
864
487
106
106
853
960
960
960
960
960
960
960
960
853
853
248
320
720
620
480
903
320
244
580
220
194
381
205
477
206
720
166
320
320
208
208
220
134
288
162
258
328
220
220
288
162
456
456
220
220
576
220
220
232
186
220
168
533
755
500
500
796
720
320
318
576
576
640
640
320
240
893
576
250
166
258
144
270
480
928
186
214
720
534
534
720
960
960
320
300
959
500
668
960
480
854
232
172
735
852
104
853
853
853
799
853
853
853
853
853
853
852
854
480
852
852
853
853
853
853
854
480
853
853
853
852
852
853
852
853
853
853
853
853
853
853
853
853
853
853
853
853
186
186
320
180
320
242
320
320
576
144
320
576
320
242
720
612
408
914
848
867
864
864
333
500
320
320
853
853
853
853
853
853
853
853
853
853
853
853
853
960
960
960
853
853
853
853
853
853
853
853
853
853
853
853
852
853
853
853
853
853
853
853
853
853
853
852
852
852
852
852
852
852
853
853
853
148
166
720
208
208
853
853
220
220
220
124
864
865
458
589
852
852
852
640
796
216
384
304
272
962
714
300
300
166
480
271
220
124
480
289
720
863
864
864
864
720
320
180
640
555
640
544
449
173
320
244
320
316
700
700
576
720
901
596
432
455
600
490
694
548
770
715
627
688
698
747
824
722
720
846
844
818
800
984
786
163
201
605
554
896
537
759
761
100
100
100
100
772
576
864
902
180
320
320
400
320
232
220
220
220
320
320
316
720
282
320
320
180
720
320
320
148
194
320
192
166
126
288
218
720
100
100
320
180
148
184
166
126
208
208
166
126
166
320
192
166
126
320
248
186
104
148
184
320
248
720
679
320
188
258
200
288
218
118
232
178
148
194
480
852
480
766
720
766
712
600
640
629
423
188
576
416
187
539
391
566
444
148
148
208
370
320
320
208
196
320
212
220
166
208
208
320
180
480
681
166
148
800
800
576
220
220
720
720
232
152
258
258
166
166
238
320
270
320
288
288
220
208
220
124
480
854
480
854
109
109
858
847
320
320
118
118
118
111
201
134
304
018
117
118
512
768
178
710
108
711
155
708
109
655
376
100
930
682
320
320
101
144
843
738
320
320
124
282
320
904
904
904
904
579
800
853
258
258
720
917
720
720
720
720
720
720
853
853
720
853
853
853
853
792
320
720
320
180
320
240
864
295
258
144
166
166
148
184
680
602
232
278
864
864
634
864
865
320
314
196
720
548
163
320
212
320
320
576
166
124
220
168
118
172
390
684
258
218
720
720
288
288
839
821
288
288
640
638
220
206
320
200
314
132
288
288
320
320
232
130
186
110
447
218
320
318
480
349
480
292
480
206
480
278
258
144
232
130
232
130
320
480
480
854
320
320
186
126
166
182
320
256
166
140
320
426
256
320
166
124
720
640
360
227
360
720
940
720
220
168
118
120
220
166
960
320
180
220
146
220
220
258
258
288
162
320
180
480
182
220
150
192
168
192
168
192
169
192
169
320
212
480
331
480
393
480
305
232
308
220
864
477
320
180
320
212
224
320
182
320
720
320
438
220
148
320
180
320
320
208
116
720
720
720
720
720
720
720
720
720
720
720
720
720
720
720
720
720
720
320
320
480
854
106
188
720
720
220
192
320
180
320
182
720
150
150
844
720
320
182
220
240
166
166
220
236
320
250
220
220
341
137
244
144
320
180
853
480
398
320
252
220
220
320
180
320
212
720
288
212
720
288
212
815
352
264
480
811
318
159
962
673
720
720
720
350
350
720
720
288
170
220
188
864
628
360
360
420
420
369
369
376
376
115
115
376
376
333
333
220
240
320
198
258
154
640
480
720
512
512
220
220
512
512
208
146
208
136
208
250
863
864
166
180
208
116
480
854
720
100
100
864
856
576
960
720
837
435
480
256
120
220
220
202
114
320
180
576
595
585
846
640
600
360
220
120
220
114
220
120
220
226
220
124
857
208
208
299
828
371
230
230
220
220
518
720
960
960
960
232
216
853
100
100
720
320
240
600
600
162
232
278
320
240
259
124
200
150
320
320
720
186
140
655
737
568
512
853
864
276
628
117
117
220
234
565
726
853
720
853
853
853
472
255
200
200
838
320
256
320
180
680
635
853
220
166
853
220
220
720
576
879
800
853
148
148
232
176
220
114
500
500
320
320
864
590
480
587
853
853
853
853
719
853
853
853
853
853
800
800
800
800
258
258
420
420
420
420
420
420
842
208
196
853
853
853
853
864
729
576
911
832
837
220
220
320
238
220
242
258
374
220
220
853
853
960
853
853
853
853
853
853
853
160
320
100
100
220
166
480
854
576
576
220
252
852
853
852
320
400
270
480
220
254
106
106
166
234
738
132
100
100
598
320
240
220
242
480
475
220
160
320
240
480
603
166
206
166
206
720
123
123
480
570
996
220
220
825
640
597
640
485
640
496
320
218
220
266
320
216
320
238
640
611
480
518
576
550
309
132
234
128
128
960
276
320
720
384
480
854
853
480
412
180
320
853
901
512
512
480
155
853
853
852
220
164
132
160
720
720
512
512
320
320
220
176
256
320
258
152
258
144
320
320
232
232
220
132
220
220
220
220
220
148
144
320
192
220
170
320
180
961
961
961
961
961
961
480
618
640
632
166
234
720
100
100
853
853
853
853
853
853
853
166
166
320
180
180
180
220
120
853
853
853
258
370
320
180
220
186
123
123
220
212
823
512
320
177
750
465
859
640
830
320
396
742
666
720
320
314
600
905
205
246
480
173
220
220
512
512
512
512
220
166
220
220
320
294
220
158
148
192
220
116
720
288
216
148
192
719
719
719
719
719
719
320
240
719
720
719
320
208
186
186
288
216
320
240
258
194
480
284
236
304
236
304
817
705
480
382
320
244
320
180
360
438
450
535
235
226
600
600
220
158
320
180
320
320
350
512
640
579
720
720
720
720
480
854
480
854
480
854
480
854
480
854
166
166
320
232
320
320
320
240
288
280
166
126
244
166
166
164
229
229
480
405
474
474
288
162
199
199
348
495
960
220
166
325
297
511
259
194
640
480
550
550
512
341
100
100
100
100
962
331
720
320
202
320
180
864
500
500
208
162
320
276
288
316
220
220
480
854
320
180
320
180
320
320
320
458
480
854
960
320
180
480
493
480
854
576
576
288
242
504
639
720
687
186
104
420
420
208
118
320
290
268
320
208
208
220
246
576
720
480
313
166
124
480
250
200
200
320
240
864
662
320
318
477
455
899
720
232
252
560
500
720
934
498
536
566
734
720
960
320
320
288
190
220
200
320
290
998
258
258
480
194
326
184
720
208
248
220
206
320
320
320
240
720
320
312
166
140
220
194
258
258
512
512
438
476
720
800
600
640
480
720
720
198
260
232
174
512
512
512
512
512
512
631
631
320
320
295
600
600
288
360
662
150
166
126
208
244
220
196
852
148
148
576
681
720
166
106
258
248
480
352
320
180
320
220
320
276
208
208
478
854
258
258
320
240
320
240
720
320
240
576
688
576
320
226
750
654
852
897
642
166
124
800
798
220
124
260
206
506
640
480
854
232
130
798
904
825
240
576
526
612
720
320
560
220
220
254
320
132
232
512
512
460
460
576
498
403
100
100
320
318
320
400
320
280
208
210
220
166
258
194
576
186
104
320
242
300
148
320
386
320
230
320
238
232
232
320
424
320
320
312
320
512
512
864
626
220
220
320
236
848
636
512
512
899
960
960
960
960
960
960
853
320
238
200
150
320
238
148
184
320
240
126
126
591
828
808
320
296
990
864
808
960
720
579
864
519
960
320
316
720
132
132
912
848
476
720
512
512
320
212
318
320
512
512
640
666
100
208
208
320
238
320
180
368
352
625
903
100
100
512
512
232
232
258
144
772
750
960
136
128
174
126
320
320
208
156
320
206
258
258
320
192
118
138
512
512
680
588
794
320
266
320
240
640
576
419
640
724
320
182
230
230
176
200
186
144
242
242
512
512
864
858
510
680
512
512
886
303
288
288
960
512
512
512
378
512
512
512
476
512
498
512
507
500
431
960
144
144
144
144
320
320
853
960
623
304
320
320
761
804
320
320
320
320
320
246
220
200
132
132
863
884
208
190
828
762
720
720
720
100
100
288
288
320
290
576
320
192
320
180
526
523
568
464
848
864
662
900
860
320
180
960
591
282
254
352
624
499
506
464
848
913
320
320
720
480
900
960
512
512
960
766
258
144
208
190
320
240
600
425
879
736
981
640
220
162
160
160
960
320
314
794
320
266
720
720
720
720
720
720
166
158
720
720
776
148
174
891
360
240
720
842
948
100
100
852
100
100
591
591
591
591
591
320
234
258
258
212
320
246
598
864
855
148
174
960
512
512
160
160
663
567
132
132
512
512
512
509
512
512
512
512
512
512
346
512
947
185
950
944
512
512
287
242
876
500
512
512
493
512
512
512
512
512
591
591
680
645
720
512
512
999
999
998
998
997
997
996
996
420
420
720
288
288
220
220
320
240
720
720
623
640
352
591
232
172
512
512
512
512
962
853
853
962
853
853
962
853
962
962
853
962
962
962
962
962
962
853
853
853
853
853
936
624
942
625
853
853
853
853
853
320
238
828
981
220
326
591
220
270
696
720
495
459
600
515
275
220
142
720
842
717
939
576
186
160
720
960
220
178
320
182
656
605
436
446
773
191
454
395
640
431
226
294
320
220
320
234
720
960
320
236
320
188
960
960
512
512
512
512
960
512
512
960
960
960
166
184
320
224
736
734
512
470
512
512
118
720
320
282
848
848
300
224
320
246
320
250
258
242
137
160
160
853
378
802
853
853
853
512
512
270
320
166
184
320
232
512
512
512
360
512
459
320
184
853
853
978
512
512
720
934
238
320
320
180
304
320
720
720
720
992
344
720
720
720
512
512
208
208
200
200
720
320
529
512
512
320
180
933
960
186
140
828
915
904
858
320
320
512
512
320
320
148
900
882
986
220
220
680
680
720
408
272
320
240
225
225
512
512
512
459
404
512
888
220
194
720
320
438
220
220
720
720
720
208
332
290
320
284
320
320
190
168
190
186
186
198
178
320
202
717
806
166
144
960
960
960
960
960
960
960
960
960
960
512
512
288
162
288
162
220
136
960
560
960
560
960
960
766
544
336
459
421
320
180
320
180
512
512
512
512
320
386
186
320
467
333
345
290
459
477
659
592
352
640
960
240
240
240
240
320
180
853
720
512
512
512
512
136
128
220
176
220
178
288
288
534
534
464
848
720
945
808
971
921
970
920
512
512
220
220
200
200
320
180
320
180
220
198
720
900
464
848
448
352
512
426
320
180
797
637
220
112
512
512
884
692
736
758
464
848
640
848
320
232
952
720
320
320
320
182
320
240
943
931
960
573
621
888
888
888
888
591
591
858
908
720
656
320
212
240
240
256
454
258
144
240
600
240
600
488
639
407
626
276
320
154
320
576
576
393
468
142
142
142
142
895
576
640
629
591
939
591
512
512
320
182
512
512
512
512
320
240
244
194
448
480
853
853
512
512
320
320
320
320
186
330
505
640
959
256
480
853
720
644
105
139
192
320
480
480
320
182
512
512
100
100
576
512
512
512
512
873
320
180
736
736
512
512
661
702
726
329
451
661
702
726
329
451
500
500
500
500
112
112
320
180
320
306
264
320
720
512
512
420
420
289
289
512
512
320
320
512
512
186
186
831
831
831
831
831
831
831
831
831
831
831
831
831
831
831
831
831
831
831
831
831
831
831
831
831
831
831
831
831
831
831
831
831
831
831
831
831
831
831
831
831
831
831
831
320
304
320
240
250
250
512
512
512
512
512
512
320
320
512
512
512
512
103
962
948
512
512
512
512
853
853
320
200
320
182
512
512
870
751
784
191
853
854
853
853
853
853
854
853
853
853
853
853
853
853
853
853
853
853
853
853
854
853
853
853
853
853
853
853
853
853
853
854
853
853
853
853
853
853
853
853
853
853
853
853
853
853
160
160
853
853
853
654
208
154
512
512
512
512
960
512
512
494
521
140
320
226
320
180
320
180
918
220
220
640
634
320
320
640
562
320
180
182
320
258
194
220
220
219
180
320
256
480
220
220
320
240
320
238
258
194
232
130
460
463
320
200
853
512
512
512
512
320
320
512
512
320
210
320
242
512
512
512
512
576
962
512
512
905
512
512
985
320
316
959
688
961
961
576
512
512
223
853
320
244
853
512
512
576
512
512
512
512
258
196
576
624
624
186
186
720
240
240
250
250
512
512
320
320
320
180
258
188
148
194
749
442
320
214
960
960
960
720
100
100
270
180
720
264
831
320
228
320
214
208
140
208
140
831
232
232
512
512
512
512
250
320
961
320
320
320
300
272
200
320
206
320
356
869
512
512
272
200
512
512
320
192
312
853
208
132
853
478
793
576
853
286
336
512
512
798
720
512
512
708
505
500
320
320
853
853
853
960
186
186
781
853
962
960
960
853
512
512
512
512
512
512
320
182
768
571
208
208
831
320
206
512
512
720
320
220
166
126
320
250
148
148
166
124
148
148
720
320
242
320
220
853
320
320
320
320
853
853
654
708
853
853
234
286
156
156
751
512
512
512
512
512
512
864
215
827
320
242
512
512
512
512
288
288
360
360
558
451
451
558
451
451
600
600
320
182
320
182
512
512
320
242
166
166
186
166
360
360
831
906
831
831
452
484
831
831
831
831
831
831
166
124
320
180
831
831
831
320
180
320
240
965
320
218
964
731
320
320
166
166
750
653
200
200
512
512
320
192
911
911
320
320
320
200
512
512
831
320
182
720
148
853
132
853
853
512
512
853
148
478
444
853
773
773
166
200
320
180
512
512
208
156
512
512
750
739
752
448
480
853
418
946
298
966
518
591
446
580
194
744
562
220
292
512
512
591
320
230
591
320
320
320
320
320
320
935
512
512
220
136
864
295
800
699
853
534
534
720
290
190
512
512
512
512
320
320
252
320
232
853
512
512
864
288
210
512
512
232
232
320
268
136
128
719
565
482
720
720
256
480
320
214
576
466
512
512
320
204
486
512
512
240
250
564
962
320
230
961
512
499
961
961
961
961
961
961
961
961
961
961
961
961
961
961
960
237
960
960
960
960
961
961
961
961
961
961
961
961
961
961
960
960
960
270
320
512
512
512
512
220
220
960
264
320
576
594
512
512
719
512
512
512
512
512
512
512
512
401
756
811
512
512
320
230
512
512
512
512
512
512
512
512
512
512
100
100
314
320
853
591
591
512
512
817
441
512
512
512
512
512
512
218
320
128
128
512
512
320
242
512
512
512
640
960
554
464
824
258
194
512
512
470
512
512
853
512
512
853
853
512
512
512
512
512
512
512
512
512
512
320
256
258
194
512
512
512
512
320
238
678
576
930
512
512
853
268
200
512
512
816
750
709
831
512
512
960
935
268
200
512
512
512
512
873
960
960
464
848
960
848
464
464
848
848
464
848
464
848
464
848
464
848
464
848
464
848
464
853
830
591
591
960
853
320
320
512
512
103
103
853
853
884
374
243
960
853
464
824
853
208
208
640
560
512
512
512
512
512
512
960
960
834
600
320
180
401
842
944
512
512
705
937
512
512
576
512
853
000
000
591
591
720
320
198
166
138
320
180
320
180
853
320
230
320
320
300
224
512
507
186
268
512
512
512
512
166
140
320
204
720
512
512
512
512
258
144
853
640
707
640
512
200
200
320
180
576
218
218
220
124
320
242
712
735
952
593
542
864
525
865
640
650
834
320
196
320
224
860
504
853
166
122
720
848
464
148
148
512
512
512
512
320
234
512
512
100
100
238
320
708
876
480
320
214
863
871
258
378
320
320
720
512
512
534
534
864
968
900
900
864
308
775
777
864
436
864
336
780
512
512
512
512
198
234
853
720
518
320
180
582
512
512
512
512
512
512
320
310
512
512
512
512
953
953
512
512
512
512
512
512
320
320
320
234
320
228
512
512
258
374
512
512
512
512
512
512
512
512
480
608
512
512
550
497
640
346
620
414
874
810
991
512
352
960
166
935
900
320
252
100
100
512
512
186
186
512
512
512
512
512
512
169
169
853
125
125
853
198
295
320
180
960
960
853
640
432
352
640
480
640
480
640
853
640
483
905
625
432
592
290
320
512
512
482
960
432
640
480
640
480
640
480
640
512
512
166
166
512
512
512
512
512
512
316
320
226
320
512
512
220
146
512
512
720
512
512
320
182
512
512
258
226
512
512
800
505
320
180
576
576
576
576
576
232
170
720
720
335
937
346
220
220
166
124
320
240
320
344
320
320
864
864
864
853
963
896
720
720
320
400
720
174
128
492
492
512
512
720
720
768
750
930
693
931
320
236
288
288
480
496
878
341
320
184
988
416
736
853
224
320
720
941
941
910
854
910
672
448
512
512
672
448
416
736
416
736
480
640
480
640
480
640
480
640
512
512
320
320
864
864
864
864
864
480
640
864
864
480
640
560
560
960
320
286
864
184
230
960
960
160
160
226
320
864
720
720
512
512
106
132
894
894
208
208
640
459
128
128
864
864
864
864
864
747
747
747
640
641
864
864
840
864
864
800
737
224
224
292
320
558
320
320
156
156
731
721
722
464
824
553
872
947
284
320
960
512
512
132
176
512
512
118
198
386
683
992
232
130
992
512
512
351
472
864
864
731
864
832
832
832
593
831
640
432
683
512
512
636
423
512
512
735
958
300
300
230
230
100
100
220
144
606
470
316
877
818
464
848
288
204
960
539
535
863
862
864
767
512
512
928
928
928
928
512
512
897
963
960
684
968
320
274
512
452
960
853
683
720
414
864
352
640
464
848
300
320
320
320
320
320
320
320
512
512
182
320
220
220
220
220
675
828
832
512
512
320
320
320
320
320
274
232
196
244
244
180
198
180
198
591
180
198
512
512
180
320
100
100
320
260
512
512
428
853
216
320
320
260
359
148
110
320
180
512
512
512
512
512
512
512
512
512
512
512
512
512
512
512
512
320
180
720
720
288
160
288
288
166
180
252
802
252
802
608
180
180
180
180
288
288
232
130
220
220
100
100
100
100
100
100
768
512
512
750
694
750
694
750
694
320
260
797
659
320
240
512
512
512
512
512
512
512
512
512
512
512
512
512
512
512
512
320
238
795
489
132
138
646
320
242
667
464
848
306
542
306
542
464
848
512
512
260
194
505
505
306
352
468
555
181
428
320
318
960
853
248
985
320
320
320
320
985
985
196
292
187
258
144
432
634
560
560
401
232
250
512
512
512
512
512
512
404
495
512
512
525
510
462
320
212
320
182
825
560
560
640
640
480
640
560
560
320
180
662
864
166
176
320
244
320
180
560
560
560
560
831
100
100
517
584
258
194
960
320
238
320
320
166
166
853
320
240
250
320
320
320
320
180
320
300
512
512
320
180
576
576
960
829
999
999
320
182
512
512
924
960
512
512
960
960
960
320
240
314
320
638
947
574
638
947
574
603
320
236
320
320
864
226
512
512
853
333
275
853
340
448
848
320
242
960
258
144
464
848
320
240
576
576
576
576
576
576
576
637
276
195
512
512
512
512
512
512
512
512
512
512
512
512
512
512
220
220
512
512
743
512
512
512
512
970
853
203
268
512
512
544
496
320
320
128
128
258
144
300
300
180
320
100
100
100
100
100
100
110
100
100
100
100
100
100
110
358
256
358
256
358
256
358
256
358
256
100
358
256
100
358
256
100
358
256
100
800
877
255
800
800
692
800
877
255
800
800
692
464
848
972
512
444
320
260
960
704
704
349
704
704
445
704
704
704
704
704
704
704
076
304
704
704
704
704
704
100
100
704
704
208
198
614
704
704
180
320
640
762
175
704
493
704
704
704
704
704
704
704
075
704
704
704
234
704
704
320
260
409
704
178
704
704
240
320
704
704
704
720
512
512
512
512
512
512
512
512
512
512
512
512
512
512
889
256
256
333
333
512
512
512
512
704
512
512
512
512
256
256
512
512
512
512
512
512
704
704
878
872
560
560
464
848
464
848
464
848
464
848
704
704
704
320
244
320
240
232
174
320
244
288
288
320
180
320
180
464
848
320
180
704
704
757
704
409
704
604
704
512
512
512
512
495
619
464
848
848
464
848
464
848
464
848
464
704
704
704
704
704
706
704
464
848
464
848
464
848
464
848
464
848
669
944
852
681
623
483
648
704
704
704
591
320
242
762
464
848
320
260
591
347
831
320
198
512
512
232
232
704
464
848
244
244
889
320
246
118
170
320
182
704
240
704
285
704
002
704
788
704
704
704
704
464
848
118
704
833
704
720
720
944
704
704
960
232
232
831
831
831
512
512
512
512
512
512
512
512
512
512
320
246
320
246
831
831
831
831
464
848
831
831
831
831
240
320
320
190
512
507
417
417
704
704
704
978
574
162
704
320
232
704
438
985
704
704
320
258
464
848
258
310
433
864
464
848
464
848
688
464
848
200
200
238
320
208
116
591
750
972
464
848
464
848
464
848
320
240
464
848
130
256
256
320
320
464
848
464
848
464
848
258
184
704
704
524
704
704
112
575
704
349
426
704
378
480
200
200
464
848
464
848
464
848
704
100
704
026
704
704
704
824
896
584
544
854
259
704
704
704
704
613
593
862
449
320
242
856
262
409
733
464
848
704
211
224
704
576
244
170
704
704
704
704
320
230
704
704
500
800
500
800
208
140
320
214
320
240
688
102
256
100
256
100
512
512
208
140
442
704
320
272
320
238
320
238
320
194
288
216
831
831
166
118
258
188
288
186
640
420
256
320
260
216
704
320
320
320
320
828
828
320
320
704
704
576
320
244
369
369
219
219
854
854
256
256
008
008
193
193
146
146
704
512
512
915
704
704
320
244
320
242
320
180
232
308
704
704
320
240
320
320
704
591
848
390
848
390
848
390
848
390
591
320
320
464
848
864
205
210
130
464
848
464
848
464
848
464
848
100
100
180
320
186
172
464
848
848
464
464
848
464
848
464
848
464
848
464
848
464
848
464
848
889
148
110
464
848
464
848
464
848
320
320
960
320
240
796
604
703
966
298
630
476
320
320
464
848
854
320
296
464
848
464
848
242
320
166
200
704
704
464
848
960
960
960
960
960
464
848
464
848
720
464
848
704
599
265
451
451
599
265
451
451
864
265
451
451
864
265
451
451
320
228
320
180
464
844
220
308
487
512
320
240
333
333
320
240
512
512
320
236
287
287
294
320
464
848
464
848
720
464
848
320
192
960
320
212
320
180
960
320
180
464
848
720
720
720
720
720
894
952
320
228
320
180
320
180
464
848
464
848
166
152
258
144
464
848
464
848
480
872
480
872
512
512
889
889
720
720
720
720
720
720
720
720
720
720
720
720
720
720
720
720
720
720
720
720
720
720
720
720
720
720
720
720
720
720
720
720
720
720
720
720
720
720
720
720
720
720
720
720
720
720
720
720
720
720
720
720
720
720
720
464
848
464
848
464
848
464
848
100
100
486
406
512
376
464
848
848
476
960
960
848
476
848
464
464
848
464
844
464
848
464
848
464
848
464
848
464
848
464
848
320
320
306
320
320
180
464
824
464
824
464
848
464
824
320
330
320
330
855
464
844
320
180
564
464
848
464
848
464
848
464
848
464
848
464
848
464
848
464
848
464
848
464
848
464
848
464
848
512
503
320
330
704
864
671
928
236
500
478
720
864
648
480
854
512
512
320
240
320
220
252
200
320
224
512
512
512
512
720
720
720
704
196
258
194
320
180
320
180
320
180
250
320
704
320
310
320
244
320
320
320
320
720
670
214
720
848
464
720
320
220
320
240
512
512
960
637
637
214
320
188
190
960
960
960
960
960
320
180
600
600
512
512
220
166
320
240
720
720
720
591
156
156
512
512
960
164
258
258
320
314
512
512
512
507
512
512
512
512
512
512
848
576
512
512
512
512
512
512
512
512
512
512
512
512
529
529
512
512
512
512
661
661
512
512
632
516
208
116
512
512
720
220
220
512
512
692
819
986
692
819
986
320
230
220
220
713
712
576
512
512
512
503
858
858
512
512
642
642
512
512
642
320
320
148
222
512
512
720
591
512
512
512
512
512
512
520
154
154
300
300
905
320
180
512
512
512
512
491
272
320
512
512
512
512
512
512
320
320
512
512
512
512
960
887
960
663
703
793
720
512
512
512
512
232
162
720
720
704
800
720
720
720
661
720
720
853
720
720
720
704
720
960
960
559
559
512
512
320
230
464
848
720
243
243
802
512
512
814
814
897
320
182
320
288
512
512
320
180
226
320
720
476
476
320
212
320
186
320
320
492
215
627
627
627
627
627
627
627
627
720
720
720
720
720
720
320
320
320
180
100
100
720
720
720
720
720
720
720
720
720
720
720
720
720
720
720
720
720
320
180
148
148
930
720
720
720
596
596
596
596
320
180
464
848
220
298
258
244
720
720
720
720
720
320
244
512
512
320
256
512
476
320
340
512
512
320
320
268
198
240
240
720
320
240
320
330
188
164
320
180
320
180
182
320
292
320
512
512
720
104
464
848
720
720
320
180
320
200
383
383
288
194
300
200
720
720
720
720
937
937
512
512
512
512
512
512
512
512
320
256
132
234
208
250
720
720
872
292
720
720
119
119
293
320
212
320
290
250
184
250
184
320
250
320
240
258
232
200
200
200
202
320
288
166
194
320
320
320
284
208
208
749
588
118
512
512
512
512
351
351
927
862
382
512
320
320
268
220
200
200
512
512
512
512
200
202
720
118
118
166
120
720
320
320
200
200
530
530
320
212
900
900
512
489
704
464
848
720
720
720
720
512
512
512
507
554
554
320
238
512
512
200
200
994
994
320
244
512
512
258
144
512
512
512
512
320
320
118
118
320
230
258
144
880
720
977
977
977
977
720
720
720
720
427
427
720
720
842
720
720
704
704
720
720
720
243
243
495
495
320
182
214
320
100
100
720
276
320
180
101
101
208
262
202
208
116
512
507
320
320
512
512
220
150
288
202
404
495
720
704
720
720
720
704
720
720
720
320
320
720
636
636
320
230
417
427
320
320
320
354
512
512
512
512
208
208
186
160
148
148
628
628
512
512
512
512
512
512
512
512
464
826
512
512
464
824
512
512
320
210
793
320
254
320
320
464
824
258
194
310
320
244
160
464
824
464
826
258
144
943
943
320
242
848
438
186
330
295
295
118
120
188
320
320
318
238
238
208
320
314
240
320
240
170
720
320
214
464
848
977
977
320
306
300
320
996
272
320
626
132
132
320
238
292
292
736
830
232
282
511
210
043
330
985
984
000
000
511
210
043
330
985
984
000
000
512
512
512
512
512
512
464
824
464
824
848
636
464
826
464
824
186
186
232
232
464
824
848
744
464
824
848
656
464
824
464
824
331
331
320
320
328
328
320
320
270
320
320
240
320
320
924
924
464
824
320
312
132
158
320
312
232
130
232
130
320
180
320
320
320
184
320
182
212
320
576
771
744
256
256
320
180
184
184
512
512
464
824
720
836
393
393
232
232
208
130
232
130
268
220
320
272
166
166
166
166
320
180
232
130
312
234
288
162
320
182
889
320
182
132
178
320
260
464
824
538
538
320
180
320
226
180
320
709
709
166
208
150
112
512
512
464
824
464
824
464
824
576
576
512
512
464
826
421
512
232
174
742
742
609
609
999
999
320
282
848
464
222
132
900
900
100
100
720
720
300
300
769
512
512
510
512
720
265
720
265
512
512
600
739
858
642
305
305
320
240
512
512
640
640
640
640
854
854
848
478
792
792
792
792
792
792
792
100
792
792
792
792
792
792
792
792
792
792
100
792
792
792
232
130
382
382
382
382
382
382
320
262
512
512
320
240
811
464
824
720
840
512
512
882
305
320
262
253
253
320
250
838
214
214
320
262
214
214
214
214
284
270
320
232
100
100
750
636
505
505
808
808
464
824
852
195
262
304
258
258
512
512
320
264
464
824
464
824
848
636
464
824
464
824
848
694
888
848
848
672
840
464
824
848
636
288
162
320
240
400
400
384
512
190
190
512
512
320
320
484
632
772
772
320
180
464
824
464
824
320
320
512
512
464
826
464
824
464
824
848
636
230
250
512
512
512
512
225
225
512
512
512
512
166
174
512
512
118
120
120
384
512
512
512
512
512
512
512
512
512
320
382
320
256
512
512
512
512
892
892
892
892
892
892
892
892
320
212
793
388
320
214
244
284
353
464
824
464
824
464
824
464
824
432
640
352
640
352
640
848
842
760
760
320
320
230
250
320
218
464
848
889
512
512
673
285
464
848
512
512
512
512
320
180
258
166
698
375
512
512
768
720
258
458
198
158
320
320
646
327
320
320
320
210
108
108
226
226
464
824
553
553
770
366
889
889
848
848
848
848
848
848
653
322
486
357
383
740
299
732
377
704
416
178
182
719
784
840
464
824
464
828
464
824
848
848
464
824
464
824
464
824
848
848
848
848
832
842
464
824
512
451
320
320
464
848
320
180
464
824
848
478
464
824
288
162
756
303
640
933
933
512
507
512
512
320
434
208
116
528
415
208
116
218
320
848
848
796
556
425
425
512
512
512
512
320
246
311
320
262
512
512
232
178
436
436
794
264
320
565
752
416
752
416
752
416
512
512
265
265
132
218
889
601
967
967
719
208
208
208
274
320
180
258
144
208
116
900
844
838
823
320
262
441
441
300
300
320
192
230
320
225
438
512
512
847
847
847
848
848
825
320
250
246
320
166
240
258
258
847
264
320
280
320
512
504
512
512
512
512
512
512
512
512
512
504
512
512
208
118
200
200
320
208
320
210
258
342
376
512
102
102
500
000
500
000
320
320
320
270
464
848
320
224
320
252
320
180
204
320
166
144
258
168
180
320
197
320
320
180
320
911
320
238
172
162
208
208
224
126
320
244
232
232
316
320
320
320
922
360
232
232
320
262
320
320
208
208
320
314
320
180
320
242
320
320
320
320
132
132
208
184
320
180
719
320
320
320
180
483
483
889
320
180
320
320
132
132
959
232
232
288
162
320
240
320
320
320
320
442
442
643
643
938
954
523
523
320
224
200
200
320
320
640
662
640
634
258
180
320
224
208
156
200
200
320
316
118
198
320
180
100
100
100
000
100
000
512
512
512
512
512
512
270
320
320
244
258
160
258
160
258
160
258
160
118
118
118
118
202
202
320
320
365
365
100
100
288
212
512
512
320
180
100
100
180
180
640
620
320
180
530
288
166
320
182
512
512
320
278
640
635
242
320
791
320
220
258
160
928
670
242
320
202
208
116
320
320
726
726
801
208
182
640
824
510
512
175
288
845
720
685
772
320
440
320
240
220
298
265
265
926
720
614
232
594
584
545
545
545
545
512
512
320
228
320
238
320
240
320
182
320
206
320
180
220
164
320
240
320
180
320
296
320
238
320
240
720
320
180
512
512
118
168
512
512
258
144
512
512
908
320
320
512
512
804
189
512
512
512
512
320
320
895
512
512
258
144
512
512
512
512
512
512
512
512
512
512
512
512
720
720
512
512
576
512
512
512
512
512
512
869
320
320
512
512
320
180
320
194
214
320
258
144
232
130
260
260
160
512
512
320
180
320
218
320
320
512
512
288
244
831
844
446
222
320
320
194
320
320
831
320
234
288
320
320
240
831
260
260
848
544
474
474
474
474
512
512
320
194
512
512
512
512
186
260
512
512
512
512
512
512
512
512
512
512
512
512
512
512
512
512
512
512
512
512
512
512
512
512
512
512
512
512
512
512
512
512
512
512
512
512
512
512
512
512
512
512
512
512
512
512
512
512
720
560
760
760
320
182
208
236
258
286
855
855
320
240
539
320
194
512
512
512
512
174
320
218
720
398
298
165
165
258
464
848
704
320
320
320
180
320
180
312
312
828
828
320
180
186
232
989
756
750
812
666
300
300
831
831
674
740
494
494
512
512
512
512
510
512
512
512
540
411
352
285
295
540
411
352
285
295
512
512
512
512
512
512
512
512
512
512
512
512
588
374
790
320
244
743
320
244
906
320
244
537
537
232
270
937
512
512
512
512
514
805
805
714
698
714
400
970
320
260
512
512
671
132
512
512
512
512
320
180
610
334
750
136
320
180
512
512
258
144
212
212
320
188
512
512
702
702
